Time [sec];Acceleration [g]
0.0;0.0
0.1;0.0033
0.2;0.0033
0.3;0.0033
0.4;0.0032
0.5;0.0031
0.6;0.0029
0.7;0.0027
0.8;0.0024
0.9;0.0022
1.0;0.0018
1.1;0.0015
1.2;0.0012
1.3;0.0009
1.4;0.0005
1.5;0.0002
1.6;-0.0001
1.7;-0.0004
1.8;-0.0006
1.9;-0.0008
2.0;-0.001
2.1;-0.0012
2.2;-0.0013
2.3;-0.0012
2.4;-0.0012
2.5;-0.0012
2.6;-0.0011
2.7;-0.001
2.8;-0.0008
2.9;-0.0008
3.0;-0.0007
3.1;-0.0005
3.2;-0.0006
3.3;-0.0004
3.4;-0.0003
3.5;-0.0001
3.6;-0.0003
3.7;-0.0001
3.8;-0.0
3.9;0.0
4.0;0.0001
4.1;0.0002
4.2;0.0002
4.3;0.0002
4.4;0.0003
4.5;0.0004
4.6;0.0003
4.7;0.0003
4.8;0.0005
4.9;0.0005
5.0;-0.0001
5.1;-0.0003
5.2;-0.0178
5.3;0.0184
5.4;-0.0076
5.5;-0.0026
5.6;0.0086
5.7;-0.0096
5.8;-0.0341
5.9;0.0326
6.0;-0.0267
6.1;-0.0014
6.2;-0.0174
6.3;0.0861
6.4;0.1069
6.5;-0.1265
6.6;-0.1291
6.7;-0.0048
6.8;0.1582
6.9;0.1107
7.0;-0.2679
7.1;-0.2524
7.2;0.0792
7.3;0.2983
7.4;0.0706
7.5;-0.3302
7.6;-0.1402
7.7;0.3816
7.8;0.1835
7.9;-0.1437
8.0;-0.2109
8.1;-0.3753
8.2;-0.4556
8.3;-0.0196
8.4;0.5394
8.5;0.3948
8.6;0.3849
8.7;0.4814
8.8;0.2098
8.9;-0.6705
9.0;-0.1931
9.1;-0.2771
9.2;-0.7328
9.3;0.1933
9.4;0.2551
9.5;0.0767
9.6;0.4443
9.7;0.68
9.8;0.1042
9.9;-0.6576
10.0;-0.5762
10.1;-0.3172
10.2;-0.2206
10.3;-0.2861
10.4;0.1689
10.5;0.7504
10.6;0.8347
10.7;0.2946
10.8;-0.3397
10.9;-1.0
11.0;-0.1785
11.1;0.566
11.2;0.185
11.3;-0.4152
11.4;0.1377
11.5;-0.4798
11.6;-0.634
11.7;-0.4654
11.8;-0.1278
11.9;-0.0313
12.0;-0.0257
12.1;0.2212
12.2;0.348
12.3;0.3712
12.4;0.2947
12.5;0.5172
12.6;0.2056
12.7;-0.1388
12.8;-0.4188
12.9;-0.3827
13.0;-0.2461
13.1;-0.0875
13.2;-0.045
13.3;-0.2049
13.4;0.1875
13.5;0.3398
13.6;0.5189
13.7;0.3505
13.8;0.1412
13.9;0.0635
14.0;0.0792
14.1;-0.0058
14.2;-0.0152
14.3;0.1562
14.4;-0.1878
14.5;-0.3622
14.6;-0.2088
14.7;-0.0466
14.8;0.1035
14.9;0.0575
15.0;-0.1162
15.1;-0.3049
15.2;-0.0328
15.3;0.0785
15.4;0.0645
15.5;-0.0008
15.6;0.0265
15.7;0.0126
15.8;-0.0266
15.9;-0.0099
16.0;0.0208
16.1;0.0136
16.2;-0.0432
16.3;-0.0545
16.4;-0.1477
16.5;-0.092
16.6;0.0331
16.7;0.1069
16.8;0.1004
16.9;0.1821
17.0;0.0453
17.1;-0.0516
17.2;-0.0119
17.3;0.0533
17.4;0.0863
17.5;0.0943
17.6;0.0765
17.7;0.0955
17.8;0.1225
17.9;0.1162
18.0;0.0763
18.1;0.0087
18.2;-0.0351
18.3;-0.0585
18.4;-0.0637
18.5;-0.0287
18.6;-0.0064
18.7;-0.0369
18.8;-0.0817
18.9;-0.1684
19.0;-0.2231
19.1;-0.1824
19.2;-0.1917
19.3;-0.1199
19.4;-0.0755
19.5;0.0003
19.6;0.0409
19.7;0.0756
19.8;0.0602
19.9;0.0381
20.0;0.0438
20.1;0.0579
20.2;0.1176
20.3;0.1632
20.4;0.1401
20.5;0.1579
20.6;0.1859
20.7;0.0831
20.8;0.0336
20.9;0.0175
21.0;-0.0016
21.1;-0.0325
21.2;-0.0861
21.3;-0.0842
21.4;-0.0279
21.5;-0.0138
21.6;-0.0406
21.7;-0.0641
21.8;-0.0928
21.9;-0.1177
22.0;-0.1335
22.1;-0.1287
22.2;-0.1116
22.3;-0.0439
22.4;-0.0356
22.5;-0.0411
22.6;-0.0062
22.7;0.0235
22.8;0.0222
22.9;0.0408
23.0;0.0619
23.1;0.1205
23.2;0.1634
23.3;0.1345
23.4;0.1068
23.5;0.0513
23.6;0.0465
23.7;0.0538
23.8;0.0311
23.9;-0.0016
24.0;-0.0361
24.1;-0.0656
24.2;-0.0399
24.3;-0.0012
24.4;-0.0054
24.5;-0.0128
24.6;0.0091
24.7;0.011
24.8;-0.0289
24.9;-0.0698
25.0;-0.1095
25.1;-0.1089
25.2;-0.0848
25.3;-0.0355
25.4;0.0054
25.5;0.0186
25.6;0.0282
25.7;0.0495
25.8;0.0071
25.9;-0.0139
26.0;0.0065
26.1;0.0075
26.2;0.021
26.3;0.0376
26.4;0.0508
26.5;-0.0057
26.6;-0.0203
26.7;-0.0095
26.8;-0.007
26.9;0.0164
27.0;0.0256
27.1;0.0336
27.2;0.0752
27.3;0.0598
27.4;0.03
27.5;0.0267
27.6;-0.0028
27.7;-0.0312
27.8;-0.0508
27.9;-0.0569
28.0;-0.0615
28.1;-0.0407
28.2;-0.0262
28.3;-0.0217
28.4;-0.0048
28.5;0.0077
28.6;-0.012
28.7;-0.0008
28.8;-0.0027
28.9;-0.0151
29.0;0.0035
29.1;0.02
29.2;0.0223
29.3;0.0371
29.4;0.0283
29.5;0.0136
29.6;-0.0246
29.7;-0.0011
29.8;0.0187
29.9;0.0176
30.0;0.0111
30.1;0.0226
30.2;0.0279
30.3;0.0394
30.4;0.0293
30.5;0.0026
30.6;-0.0354
30.7;-0.0573
30.8;-0.0572
30.9;-0.0568
31.0;-0.0518
31.1;-0.0263
31.2;0.0017
31.3;0.009
31.4;0.0273
31.5;0.0492
31.6;0.0379
31.7;0.0161
31.8;0.0061
31.9;0.0001
32.0;0.0087
32.1;-0.0002
32.2;-0.03
32.3;-0.0235
32.4;-0.0296
32.5;-0.0156
32.6;0.0089
32.7;0.0252
32.8;0.0416
32.9;0.0333
33.0;0.029
33.1;0.0129
33.2;-0.0099
33.3;-0.0393
33.4;-0.034
33.5;-0.0286
33.6;-0.0226
33.7;-0.003
33.8;0.0168
33.9;0.0302
34.0;0.016
34.1;0.0172
34.2;0.0123
34.3;0.004
34.4;-0.0064
34.5;0.0141
34.6;-0.0153
34.7;-0.0379
34.8;-0.0186
34.9;0.0025
35.0;-0.0104
35.1;0.0327
35.2;0.0234
35.3;0.0065
35.4;0.0011
35.5;-0.0163
35.6;-0.0211
35.7;0.0001
35.8;-0.0091
35.9;-0.0117
36.0;-0.0111
36.1;-0.0054
36.2;-0.0233
36.3;-0.018
36.4;-0.002
36.5;0.0018
36.6;0.0286
36.7;0.0447
36.8;0.035
36.9;0.0142
37.0;0.0225
37.1;0.0035
37.2;0.0021
37.3;0.0096
37.4;0.0001
37.5;-0.0038
37.6;0.0078
37.7;-0.0096
37.8;-0.0095
37.9;-0.003
38.0;-0.0163
38.1;-0.019
38.2;-0.029
38.3;-0.0093
38.4;0.0008
38.5;-0.0108
38.6;-0.0073
38.7;-0.007
38.8;-0.0043
38.9;-0.0015
39.0;0.0175
39.1;0.0193
39.2;0.0226
39.3;0.015
39.4;0.0125
39.5;0.0064
39.6;-0.0026
39.7;0.0108
39.8;0.0024
39.9;-0.0047
40.0;-0.007
40.1;-0.0163
40.2;-0.0177
40.3;-0.0045
40.4;-0.0031
40.5;-0.0053
40.6;0.0118
40.7;0.0213
40.8;0.0134
40.9;0.0155
41.0;-0.0026
41.1;-0.0207
41.2;-0.0207
41.3;-0.0126
41.4;-0.0022
41.5;0.0093
41.6;-0.0066
41.7;-0.008
41.8;-0.0078
41.9;-0.0036
42.0;0.0065
42.1;-0.001
42.2;-0.0086
42.3;0.001
42.4;0.0055
42.5;0.0161
42.6;0.0045
42.7;-0.0052
42.8;-0.0127
42.9;0.0004
43.0;0.0147
43.1;0.0305
43.2;0.0162
43.3;-0.0102
43.4;-0.0319
43.5;-0.0335
43.6;-0.0181
43.7;0.0011
43.8;0.0172
43.9;0.0317
44.0;0.0254
44.1;0.0171
44.2;0.0096
44.3;-0.0044
44.4;-0.0163
44.5;-0.0165
44.6;-0.004
44.7;0.0149
44.8;0.0274
44.9;0.0114
45.0;-0.0095
45.1;-0.0229
45.2;-0.027
45.3;-0.0236
45.4;-0.0088
45.5;0.0028
45.6;0.0002
45.7;0.0081
45.8;0.0079
45.9;-0.0038
46.0;-0.0074
46.1;-0.0055
46.2;0.0023
46.3;0.0107
46.4;0.0182
46.5;0.0088
46.6;0.0078
46.7;0.0045
46.8;0.0014
46.9;-0.0053
47.0;-0.0032
47.1;-0.0018
47.2;-0.002
47.3;0.001
47.4;0.0033
47.5;0.0012
47.6;0.0067
47.7;0.003
47.8;0.0033
47.9;-0.0013
48.0;-0.0069
48.1;-0.0048
48.2;-0.0032
48.3;-0.0039
48.4;-0.0029
48.5;-0.0015
48.6;-0.0004
48.7;0.0006
48.8;0.0008
48.9;0.0003
49.0;-0.0
49.1;-0.0002
49.2;0.0
49.3;0.0001
49.4;0.0
49.5;0.0
49.6;0.0001
49.7;0.0001
49.8;0.0001
49.9;0.0
