Time [sec];Acceleration [g]
0.0;0.0
0.1;0.0051
0.2;0.007
0.3;0.0096
0.4;0.0055
0.5;0.0302
0.6;-0.0053
0.7;-0.01
0.8;0.0035
0.9;-0.011
1.0;0.0293
1.1;-0.0147
1.2;0.0225
1.3;-0.0215
1.4;0.002
1.5;0.0103
1.6;0.0423
1.7;-0.0057
1.8;-0.0087
1.9;0.0233
2.0;0.0636
2.1;-0.0185
2.2;0.059
2.3;-0.0041
2.4;-0.0972
2.5;-0.0684
2.6;0.0444
2.7;0.032
2.8;-0.003
2.9;0.0055
3.0;0.0048
3.1;0.0233
3.2;-0.101
3.3;0.0098
3.4;-0.0545
3.5;-0.0643
3.6;-0.0611
3.7;0.0451
3.8;-0.0063
3.9;-0.0109
4.0;-0.0026
4.1;-0.0385
4.2;-0.0468
4.3;-0.0668
4.4;0.0713
4.5;0.0213
4.6;-0.0343
4.7;-0.0276
4.8;0.0668
4.9;-0.0209
5.0;0.1006
5.1;-0.0304
5.2;0.0706
5.3;-0.0498
5.4;0.0619
5.5;-0.0547
5.6;0.0513
5.7;0.0945
5.8;-0.5506
5.9;-0.0426
6.0;0.0601
6.1;0.5938
6.2;-0.6645
6.3;-0.0659
6.4;0.623
6.5;-0.4922
6.6;0.3962
6.7;0.2541
6.8;0.3439
6.9;-0.4994
7.0;0.0805
7.1;0.1699
7.2;0.0042
7.3;-0.1686
7.4;-0.0276
7.5;0.0278
7.6;0.0767
7.7;-0.0586
7.8;0.0529
7.9;-0.0445
8.0;0.1031
8.1;-0.0858
8.2;0.2006
8.3;-0.1931
8.4;-0.1022
8.5;-0.1036
8.6;-0.1543
8.7;-0.1967
8.8;-0.1915
8.9;0.4663
9.0;-0.0221
9.1;-0.1259
9.2;0.5336
9.3;-0.0469
9.4;-0.6063
9.5;0.6373
9.6;0.0713
9.7;0.2495
9.8;-0.5182
9.9;-0.4154
10.0;0.2197
10.1;-0.3971
10.2;0.283
10.3;0.4788
10.4;0.0958
10.5;-0.0647
10.6;-0.1293
10.7;-0.0869
10.8;0.0228
10.9;1.0
11.0;-0.6562
11.1;0.8311
11.2;-0.5693
11.3;-0.1341
11.4;-0.5415
11.5;0.5476
11.6;0.039
11.7;0.2594
11.8;0.1762
11.9;0.2827
12.0;-0.2094
12.1;-0.4297
12.2;0.4343
12.3;0.1727
12.4;0.164
12.5;-0.1118
12.6;-0.1448
12.7;0.2166
12.8;-0.4666
12.9;0.3156
13.0;-0.2107
13.1;-0.1155
13.2;-0.2507
13.3;0.2617
13.4;-0.3055
13.5;0.5548
13.6;-0.1444
13.7;-0.306
13.8;-0.0363
13.9;-0.1589
14.0;0.1316
14.1;-0.0715
14.2;0.1573
14.3;-0.0738
14.4;0.0439
14.5;0.0673
14.6;-0.1385
14.7;-0.3558
14.8;0.4699
14.9;-0.1204
15.0;0.0505
15.1;0.105
15.2;0.1462
15.3;-0.185
15.4;-0.2702
15.5;-0.0863
15.6;-0.0431
15.7;0.1143
15.8;-0.1245
15.9;-0.0815
16.0;0.0187
16.1;-0.0165
16.2;0.0017
16.3;-0.0532
16.4;-0.038
16.5;0.0297
16.6;0.0618
16.7;0.0685
16.8;-0.026
16.9;-0.1055
17.0;0.0224
17.1;-0.0075
17.2;-0.0209
17.3;0.0712
17.4;0.0441
17.5;-0.0852
17.6;0.0481
17.7;-0.036
17.8;-0.0147
17.9;0.0055
18.0;0.0071
18.1;0.1263
18.2;0.0903
18.3;0.08
18.4;-0.0103
18.5;-0.0825
18.6;-0.0313
18.7;0.0187
18.8;-0.0785
18.9;-0.1289
19.0;-0.0206
19.1;0.0279
19.2;-0.0487
19.3;0.1305
19.4;-0.043
19.5;-0.0168
19.6;0.0217
19.7;0.0618
19.8;-0.0288
19.9;0.0227
20.0;0.0129
20.1;-0.0672
20.2;0.0153
20.3;-0.0697
20.4;-0.0181
20.5;-0.0785
20.6;0.0055
20.7;0.0063
20.8;0.0819
20.9;0.0594
21.0;0.0062
21.1;-0.0105
21.2;0.0112
21.3;0.0395
21.4;-0.0194
21.5;0.0305
21.6;-0.0453
21.7;-0.055
21.8;0.0006
21.9;0.09
22.0;-0.1092
22.1;-0.1004
22.2;-0.0264
22.3;-0.0289
22.4;0.0058
22.5;-0.0329
22.6;-0.07
22.7;0.051
22.8;-0.0046
22.9;-0.0121
23.0;-0.0079
23.1;-0.0639
23.2;-0.0266
23.3;-0.0475
23.4;-0.0063
23.5;-0.0128
23.6;-0.0298
23.7;-0.0308
23.8;-0.0148
23.9;-0.0217
24.0;-0.07
24.1;-0.0315
24.2;0.0524
24.3;0.0103
24.4;-0.018
24.5;0.0883
24.6;0.0539
24.7;0.0267
24.8;0.025
24.9;0.0361
25.0;0.0166
25.1;-0.0225
25.2;-0.0326
25.3;0.0537
25.4;-0.0725
25.5;0.061
25.6;-0.0248
25.7;0.0285
25.8;0.1248
25.9;0.1639
26.0;-0.0319
26.1;0.0083
26.2;0.1372
26.3;0.0996
26.4;0.0416
26.5;-0.0619
26.6;0.0885
26.7;-0.0092
26.8;-0.0133
26.9;0.0688
27.0;-0.0092
27.1;-0.1294
27.2;0.0482
27.3;0.0512
27.4;0.0005
27.5;0.1143
27.6;0.0142
27.7;-0.0252
27.8;0.0682
27.9;-0.0435
28.0;0.0803
28.1;-0.1324
28.2;-0.0224
28.3;0.0874
28.4;0.0771
28.5;0.0946
28.6;0.0555
28.7;-0.041
28.8;0.031
28.9;-0.1138
29.0;-0.0004
29.1;-0.0098
29.2;-0.0394
29.3;0.1033
29.4;-0.0987
29.5;0.0408
29.6;-0.045
29.7;0.1091
29.8;0.0411
29.9;0.0442
30.0;0.0441
30.1;-0.0314
30.2;0.027
30.3;0.0807
30.4;0.0051
30.5;-0.0731
30.6;0.1135
30.7;-0.0252
30.8;0.0097
30.9;-0.1046
31.0;-0.0013
31.1;0.059
31.2;0.1473
31.3;0.1353
31.4;-0.0227
31.5;0.0777
31.6;-0.0897
31.7;0.0022
31.8;-0.1858
31.9;-0.2723
32.0;-0.2367
32.1;0.1236
32.2;0.0692
32.3;0.2439
32.4;-0.0757
32.5;0.1392
32.6;0.0381
32.7;-0.0569
32.8;0.0716
32.9;-0.2297
33.0;0.143
33.1;-0.0938
33.2;0.0402
33.3;0.0641
33.4;0.1551
33.5;-0.1492
33.6;0.1975
33.7;0.0367
33.8;-0.0698
33.9;-0.0551
34.0;0.0518
34.1;0.2334
34.2;-0.2069
34.3;-0.3065
34.4;0.1622
34.5;-0.0958
34.6;-0.1417
34.7;0.1793
34.8;-0.1214
34.9;-0.1413
35.0;-0.0003
35.1;0.004
35.2;-0.0054
35.3;-0.1141
35.4;0.0603
35.5;0.0552
35.6;-0.0356
35.7;-0.0244
35.8;-0.0516
35.9;-0.0123
36.0;-0.001
36.1;0.0808
36.2;0.1282
36.3;-0.0259
36.4;-0.0969
36.5;0.0058
36.6;0.0087
36.7;0.0057
36.8;-0.0576
36.9;0.0021
37.0;0.0747
37.1;0.078
37.2;-0.0819
37.3;0.1254
37.4;-0.0618
37.5;-0.0717
37.6;0.024
37.7;0.0881
37.8;0.0358
37.9;-0.1102
38.0;0.1808
38.1;-0.0473
38.2;-0.0105
38.3;-0.0792
38.4;-0.0044
38.5;-0.0861
38.6;0.0074
38.7;-0.1009
38.8;0.0773
38.9;-0.023
39.0;0.0314
39.1;-0.0627
39.2;0.0444
39.3;0.0522
39.4;0.0591
39.5;0.0463
39.6;-0.006
39.7;-0.0116
39.8;-0.1298
39.9;-0.0567
40.0;0.0532
40.1;0.0171
40.2;-0.0679
40.3;0.0479
40.4;0.02
40.5;-0.0247
40.6;-0.004
40.7;-0.0682
40.8;-0.0492
40.9;0.0322
41.0;-0.0322
41.1;-0.0444
41.2;0.0022
41.3;-0.107
41.4;-0.1135
41.5;0.022
41.6;0.0452
41.7;0.0293
41.8;0.0257
41.9;0.0245
42.0;0.0754
42.1;-0.0347
42.2;0.0126
42.3;0.0037
42.4;-0.0382
42.5;-0.0456
42.6;0.1118
42.7;0.0047
42.8;-0.0262
42.9;-0.022
43.0;-0.034
43.1;0.0045
43.2;0.0964
43.3;0.0763
43.4;-0.1533
43.5;-0.081
43.6;0.006
43.7;-0.0316
43.8;0.0034
43.9;-0.0243
44.0;-0.0717
44.1;0.1114
44.2;0.0371
44.3;0.0096
44.4;-0.0196
44.5;0.1092
44.6;-0.0959
44.7;0.0206
44.8;0.0281
44.9;-0.0328
45.0;0.0
