Time [sec];Acceleration [g]
0.0;0.0
0.1;0.0027
0.2;-0.0035
0.3;0.0057
0.4;-0.0005
0.5;-0.0031
0.6;0.0042
0.7;0.0008
0.8;-0.0009
0.9;-0.0005
1.0;-0.0015
1.1;-0.0078
1.2;-0.0026
1.3;0.0023
1.4;-0.0023
1.5;0.0119
1.6;-0.0174
1.7;0.0067
1.8;-0.0191
1.9;0.0376
2.0;0.0139
2.1;-0.0418
2.2;-0.0326
2.3;0.0303
2.4;-0.026
2.5;0.0403
2.6;0.0755
2.7;-0.0172
2.8;-0.0421
2.9;-0.0439
3.0;0.0523
3.1;0.0773
3.2;-0.0963
3.3;-0.104
3.4;0.1062
3.5;0.0419
3.6;-0.0754
3.7;-0.0516
3.8;0.1761
3.9;-0.1777
4.0;0.123
4.1;-0.2166
4.2;0.0319
4.3;-0.2795
4.4;0.0009
4.5;0.082
4.6;0.1816
4.7;0.1562
4.8;-0.1086
4.9;0.0117
5.0;0.0903
5.1;-0.3638
5.2;0.2523
5.3;0.0746
5.4;0.5292
5.5;-0.1262
5.6;-0.807
5.7;-0.3614
5.8;-0.4698
5.9;-0.1537
6.0;0.6999
6.1;0.0078
6.2;-1.0
6.3;-0.3418
6.4;-0.4978
6.5;0.6222
6.6;0.3605
6.7;0.1744
6.8;0.1493
6.9;0.0474
7.0;0.2346
7.1;-0.2515
7.2;0.6682
7.3;0.0717
7.4;0.0866
7.5;-0.1736
7.6;0.3259
7.7;-0.2727
7.8;0.0616
7.9;-0.1251
8.0;0.6361
8.1;-0.8939
8.2;-0.2458
8.3;0.2803
8.4;0.1573
8.5;-0.0166
8.6;0.4102
8.7;0.197
8.8;-0.2855
8.9;0.0188
9.0;0.2311
9.1;-0.1733
9.2;0.1581
9.3;-0.2585
9.4;0.1681
9.5;0.0371
9.6;-0.1457
9.7;-0.2034
9.8;0.2204
9.9;0.0322
10.0;0.0782
10.1;-0.0951
10.2;-0.0165
10.3;-0.0488
10.4;0.0174
10.5;-0.0606
10.6;-0.0641
10.7;0.0357
10.8;0.036
10.9;0.084
11.0;0.0638
11.1;-0.0958
11.2;-0.1343
11.3;0.0321
11.4;0.0137
11.5;-0.0661
11.6;0.0508
11.7;0.0722
11.8;-0.0032
11.9;-0.0102
12.0;0.0279
12.1;-0.0052
12.2;0.007
12.3;0.0549
12.4;-0.0502
12.5;0.0712
12.6;-0.0291
12.7;0.0677
12.8;-0.0635
12.9;0.0219
13.0;-0.0927
13.1;0.0581
13.2;-0.1544
13.3;0.0956
13.4;-0.0397
13.5;0.1069
13.6;0.0079
13.7;0.0595
13.8;-0.0091
13.9;0.0185
14.0;-0.0085
14.1;0.0049
14.2;0.0793
14.3;-0.0884
14.4;0.0099
14.5;0.0322
14.6;-0.0413
14.7;0.0211
14.8;0.025
14.9;-0.0571
15.0;0.0167
15.1;-0.0219
15.2;0.0636
15.3;-0.0434
15.4;-0.0652
15.5;-0.0077
15.6;-0.0567
15.7;0.0226
15.8;-0.0116
15.9;-0.1503
16.0;-0.0243
16.1;0.1546
16.2;0.0162
16.3;-0.0476
16.4;-0.0508
16.5;-0.0038
16.6;0.0917
16.7;0.0641
16.8;-0.0257
16.9;-0.0469
17.0;-0.0647
17.1;0.0916
17.2;0.0391
17.3;-0.0091
17.4;0.065
17.5;-0.0582
17.6;-0.0587
17.7;-0.0379
17.8;-0.0092
17.9;0.0951
18.0;-0.1165
18.1;0.0359
18.2;-0.0121
18.3;0.1215
18.4;-0.1152
18.5;-0.0766
18.6;0.0337
18.7;0.0492
18.8;0.0321
18.9;0.0678
19.0;-0.0646
19.1;0.0364
19.2;-0.0682
19.3;0.0662
19.4;-0.0376
19.5;0.0371
19.6;-0.0347
19.7;-0.0106
19.8;-0.0471
19.9;0.0328
20.0;-0.0338
20.1;-0.0389
20.2;0.0314
20.3;-0.0226
20.4;0.1076
20.5;-0.0956
20.6;-0.0778
20.7;-0.0252
20.8;0.0593
20.9;0.0121
21.0;-0.0935
21.1;0.0407
21.2;0.1184
21.3;-0.0739
21.4;-0.0686
21.5;0.0245
21.6;-0.0436
21.7;0.2158
21.8;-0.1114
21.9;0.0672
22.0;0.0164
22.1;0.0488
22.2;-0.0021
22.3;-0.0597
22.4;-0.0725
22.5;0.0274
22.6;0.004
22.7;-0.0182
22.8;-0.0421
22.9;0.1216
23.0;0.0348
23.1;-0.0304
23.2;0.0042
23.3;-0.0158
23.4;-0.0016
23.5;-0.0623
23.6;-0.0669
23.7;0.047
23.8;-0.0366
23.9;-0.0289
24.0;-0.0736
24.1;0.0154
24.2;0.0218
24.3;0.0871
24.4;0.0608
24.5;-0.0454
24.6;0.0161
24.7;0.0126
24.8;-0.0226
24.9;-0.0237
25.0;-0.0053
25.1;0.0741
25.2;-0.0051
25.3;-0.0179
25.4;0.0841
25.5;-0.0105
25.6;0.0116
25.7;-0.1261
25.8;0.0746
25.9;0.0202
26.0;-0.0805
26.1;0.0116
26.2;-0.0044
26.3;0.0087
26.4;-0.0553
26.5;0.0285
26.6;0.1305
26.7;-0.0751
26.8;0.009
26.9;0.0786
27.0;-0.0069
27.1;0.0604
27.2;-0.059
27.3;-0.0547
27.4;-0.0053
27.5;0.0376
27.6;0.0249
27.7;-0.0781
27.8;0.0253
27.9;-0.1003
28.0;0.0543
28.1;0.0119
28.2;-0.0382
28.3;0.0028
28.4;-0.0376
28.5;-0.0164
28.6;0.0959
28.7;0.0256
28.8;-0.0075
28.9;-0.0605
29.0;0.0504
29.1;0.0346
29.2;-0.0829
29.3;0.0399
29.4;-0.0001
29.5;-0.0394
29.6;-0.0377
29.7;-0.0143
29.8;0.0165
29.9;-0.0375
30.0;0.0444
30.1;-0.0209
30.2;0.034
30.3;-0.0765
30.4;0.022
30.5;0.0115
30.6;0.0076
30.7;-0.0114
30.8;-0.0212
30.9;-0.0354
31.0;0.0021
31.1;0.0398
31.2;0.0093
31.3;-0.0285
31.4;0.0177
31.5;-0.0294
31.6;0.0062
31.7;0.0426
31.8;-0.0142
31.9;-0.0209
32.0;0.0001
32.1;-0.0399
32.2;0.0483
32.3;-0.0129
32.4;-0.0122
32.5;0.0494
32.6;-0.0016
32.7;0.0099
32.8;-0.0145
32.9;0.0132
33.0;0.005
33.1;-0.0487
33.2;0.0231
33.3;0.0152
33.4;-0.0157
33.5;-0.0404
33.6;0.0053
33.7;0.0058
33.8;-0.001
33.9;0.0027
34.0;0.0431
34.1;-0.0164
34.2;0.0445
34.3;-0.0692
34.4;-0.0037
34.5;-0.0439
34.6;0.0032
34.7;-0.0045
34.8;-0.0071
34.9;0.0596
35.0;-0.0447
35.1;-0.004
35.2;0.0261
35.3;-0.0336
35.4;-0.0087
35.5;0.0783
35.6;-0.0096
35.7;-0.0259
35.8;-0.0156
35.9;0.0008
36.0;-0.0097
36.1;0.0055
36.2;0.0533
36.3;-0.0414
36.4;-0.0048
36.5;0.0133
36.6;-0.0134
36.7;-0.0354
36.8;0.0146
36.9;0.0016
37.0;-0.0254
37.1;0.0066
37.2;-0.0217
37.3;0.0282
37.4;0.0027
37.5;-0.0307
37.6;0.0358
37.7;0.011
37.8;0.0022
37.9;-0.0208
38.0;-0.0148
38.1;0.0039
38.2;0.0111
38.3;0.0207
38.4;0.0005
38.5;0.0077
38.6;-0.0441
38.7;0.0166
38.8;-0.0172
38.9;0.0213
39.0;0.0044
39.1;0.0219
39.2;-0.034
39.3;-0.002
39.4;-0.0197
39.5;0.0591
39.6;-0.0126
39.7;-0.0048
39.8;0.0119
39.9;0.0198
40.0;0.0015
40.1;0.0253
40.2;-0.0155
40.3;-0.0033
40.4;0.0138
40.5;-0.035
40.6;-0.0006
40.7;0.0065
40.8;0.0181
40.9;-0.0114
41.0;-0.006
41.1;0.0372
41.2;0.0041
41.3;-0.0028
41.4;-0.0205
41.5;0.0235
41.6;-0.0061
41.7;-0.0104
41.8;0.0294
41.9;0.0209
42.0;-0.0042
42.1;0.0002
42.2;-0.0221
42.3;0.0123
42.4;-0.0069
42.5;-0.0094
42.6;0.0047
42.7;-0.0195
42.8;-0.0121
42.9;-0.0107
43.0;0.0295
43.1;-0.005
43.2;0.0053
43.3;-0.0056
43.4;-0.0123
43.5;0.0426
43.6;-0.0084
43.7;-0.0064
43.8;0.0018
43.9;0.0169
44.0;-0.013
44.1;-0.0059
44.2;0.0015
44.3;0.0049
44.4;-0.039
44.5;-0.0046
44.6;0.0317
44.7;-0.0029
44.8;-0.0031
44.9;-0.0239
45.0;-0.037
45.1;0.0226
45.2;-0.0043
45.3;-0.007
45.4;0.0278
45.5;-0.003
45.6;-0.0258
45.7;0.0119
45.8;-0.0061
45.9;0.0159
46.0;-0.0255
46.1;0.0088
46.2;0.0414
46.3;-0.032
46.4;0.0161
46.5;-0.0138
46.6;0.0292
46.7;-0.0216
46.8;-0.0413
46.9;0.0241
47.0;-0.0007
47.1;0.0025
47.2;-0.0193
47.3;0.0015
47.4;0.0172
47.5;-0.0159
47.6;-0.0225
47.7;0.0027
47.8;0.0036
47.9;0.0249
48.0;-0.0092
48.1;0.021
48.2;-0.0191
48.3;-0.008
48.4;0.0036
48.5;-0.0046
48.6;0.0086
48.7;0.0066
48.8;-0.0076
48.9;0.0112
49.0;0.0048
49.1;-0.0049
49.2;0.006
49.3;0.0011
49.4;-0.0067
49.5;0.026
49.6;-0.0232
49.7;-0.0149
49.8;-0.002
49.9;-0.0029
50.0;0.0095
50.1;0.0088
50.2;0.006
50.3;-0.0209
50.4;-0.0087
50.5;0.022
50.6;-0.0202
50.7;0.0154
50.8;0.0045
50.9;-0.0196
51.0;0.0097
51.1;-0.0064
51.2;-0.0321
51.3;0.0046
51.4;0.0087
51.5;0.0186
51.6;0.0018
51.7;0.0047
51.8;0.0211
51.9;-0.02
52.0;0.0155
52.1;0.0101
52.2;-0.0048
52.3;-0.0196
52.4;-0.0011
52.5;-0.0167
52.6;-0.0018
52.7;-0.0029
52.8;0.0195
52.9;-0.0485
53.0;0.0048
53.1;-0.0059
53.2;0.0179
53.3;-0.0146
53.4;0.0088
53.5;-0.0103
53.6;0.004
53.7;-0.0207
53.8;-0.001
53.9;0.0111
54.0;0.0187
54.1;-0.0044
54.2;0.0064
54.3;-0.0085
54.4;-0.0049
54.5;-0.0133
54.6;0.0006
54.7;0.0047
54.8;0.0216
54.9;-0.014
55.0;0.0139
55.1;0.0092
55.2;-0.0084
55.3;0.0012
55.4;-0.0214
55.5;0.0061
55.6;-0.0169
55.7;0.0047
55.8;-0.0035
55.9;-0.0064
56.0;0.0004
56.1;0.0041
56.2;-0.0123
56.3;0.0079
56.4;0.0128
56.5;-0.0002
56.6;-0.0065
56.7;-0.0072
56.8;0.015
56.9;-0.0039
57.0;0.0065
57.1;-0.0014
57.2;0.0027
57.3;-0.009
57.4;-0.0047
57.5;-0.0014
57.6;-0.0023
57.7;-0.0031
57.8;-0.0007
57.9;-0.0
58.0;-0.0021
58.1;0.001
58.2;0.0036
58.3;-0.0003
58.4;-0.0008
58.5;0.0002
58.6;0.0007
58.7;-0.0003
58.8;-0.0006
58.9;0.0013
59.0;-0.0005
59.1;-0.0013
59.2;0.0
59.3;-0.0003
59.4;-0.0006
59.5;0.0004
59.6;-0.0003
59.7;0.0001
59.8;0.0001
59.9;0.0
