0.0;0.0
0.1;-0.0132
0.2;-0.0194
0.3;0.0318
0.4;-0.0983
0.5;-0.016
0.6;-0.031
0.7;-0.0793
0.8;-0.1228
0.9;-0.0466
1.0;0.099
1.1;0.1247
1.2;0.1461
1.3;0.3845
1.4;-0.658
1.5;-0.4938
1.6;0.5951
1.7;0.3484
1.8;-0.5141
1.9;-0.197
2.0;0.6145
2.1;-0.4691
2.2;0.4493
2.3;0.2523
2.4;-0.3107
2.5;-0.5703
2.6;1.0
2.7;0.2499
2.8;-0.7439
2.9;-0.3218
3.0;0.1886
3.1;0.5148
3.2;-0.0776
3.3;-0.0592
3.4;0.6323
3.5;-0.1704
3.6;0.0644
3.7;-0.2157
3.8;0.0543
3.9;-0.2744
4.0;0.1432
4.1;0.1117
4.2;-0.1899
4.3;0.8781
4.4;-0.2417
4.5;-0.3318
4.6;0.0679
4.7;-0.0969
4.8;-0.0423
4.9;0.2443
5.0;-0.1173
5.1;0.1508
5.2;-0.1038
5.3;0.0121
5.4;0.1633
5.5;0.0355
5.6;0.0252
5.7;-0.3548
5.8;0.0287
5.9;-0.0574
6.0;0.105
6.1;-0.1093
6.2;-0.0637
6.3;0.2249
6.4;0.0915
6.5;-0.0774
6.6;0.0031
6.7;0.0955
6.8;-0.1671
6.9;-0.0996
7.0;0.2801
7.1;-0.055
7.2;0.0791
7.3;-0.2655
7.4;0.1291
7.5;-0.1227
7.6;-0.0502
7.7;-0.1077
7.8;0.3197
7.9;-0.0487
8.0;-0.2582
8.1;-0.0359
8.2;0.104
8.3;-0.0509
8.4;0.0451
8.5;0.1103
8.6;0.1384
8.7;0.1841
8.8;-0.0905
8.9;-0.0928
9.0;0.0788
9.1;0.0446
9.2;-0.2611
9.3;0.0406
9.4;0.1094
9.5;0.0469
9.6;-0.1294
9.7;0.1223
9.8;0.0312
9.9;0.1094
10.0;0.001
10.1;0.0068
10.2;-0.0058
10.3;0.1572
10.4;-0.2092
10.5;-0.1733
10.6;0.0864
10.7;-0.0221
10.8;0.0179
10.9;-0.0411
11.0;-0.0933
11.1;-0.0949
11.2;0.1559
11.3;-0.1168
11.4;0.0914
11.5;0.1088
11.6;0.0566
11.7;0.0223
11.8;0.0409
11.9;-0.1053
12.0;0.0746
12.1;-0.0932
12.2;-0.0332
12.3;-0.0855
12.4;-0.0873
12.5;0.0581
12.6;-0.001
12.7;-0.0471
12.8;0.0615
12.9;0.1865
13.0;-0.0891
13.1;-0.0891
13.2;0.1921
13.3;0.0668
13.4;-0.1015
13.5;-0.113
13.6;0.1411
13.7;0.048
13.8;-0.1319
13.9;-0.0414
14.0;0.0735
14.1;-0.1343
14.2;0.1468
14.3;-0.112
14.4;0.1897
14.5;-0.0074
14.6;0.1312
14.7;-0.1329
14.8;0.028
14.9;0.1161
15.0;0.0279
15.1;-0.1482
15.2;-0.0936
15.3;0.1184
15.4;-0.1852
15.5;0.161
15.6;-0.1595
15.7;0.1174
15.8;-0.0767
15.9;0.2536
16.0;0.0157
16.1;0.1575
16.2;-0.1353
16.3;0.0394
16.4;-0.0859
16.5;-0.1963
16.6;-0.0329
16.7;0.1126
16.8;-0.0506
16.9;0.0384
17.0;0.0184
17.1;0.0351
17.2;0.0184
17.3;-0.0892
17.4;0.1049
17.5;0.0586
17.6;0.1419
17.7;-0.0838
17.8;0.0015
17.9;-0.0695
18.0;-0.0212
18.1;-0.1299
18.2;0.0798
18.3;-0.0313
18.4;0.0665
18.5;0.0204
18.6;0.0081
18.7;-0.1285
18.8;0.114
18.9;0.0598
19.0;0.0387
19.1;0.0959
19.2;-0.0231
19.3;-0.0041
19.4;-0.1114
19.5;-0.0721
19.6;-0.0746
19.7;0.022
19.8;0.113
19.9;0.1917
20.0;0.0165
20.1;0.0086
20.2;-0.0631
20.3;-0.0457
20.4;-0.0268
20.5;0.0014
20.6;-0.0263
20.7;0.0377
20.8;-0.0237
20.9;-0.0441
21.0;-0.0661
21.1;0.0058
21.2;0.0125
21.3;0.0065
21.4;-0.0256
21.5;0.0091
21.6;0.0824
21.7;0.0118
21.8;0.0214
21.9;-0.0396
22.0;0.0634
22.1;-0.0074
22.2;-0.0011
22.3;-0.0158
22.4;0.0058
22.5;-0.0243
22.6;0.0063
22.7;0.0309
22.8;0.028
22.9;-0.0305
23.0;-0.0034
23.1;-0.0175
23.2;-0.0521
23.3;0.0019
23.4;0.0361
23.5;0.0322
23.6;0.0939
23.7;0.056
23.8;-0.0506
23.9;-0.03
24.0;-0.0442
24.1;-0.0371
24.2;-0.0544
24.3;-0.0469
24.4;0.0431
24.5;0.0743
24.6;0.0066
24.7;0.0151
24.8;0.0136
24.9;-0.0338
25.0;-0.0012
25.1;0.0074
25.2;0.0078
25.3;-0.0278
25.4;-0.0141
25.5;-0.008
25.6;0.067
25.7;0.0319
25.8;0.0373
25.9;0.0173
26.0;-0.0596
26.1;-0.0441
26.2;-0.0299
26.3;-0.0673
26.4;-0.0234
26.5;0.0006
26.6;0.0045
26.7;-0.0092
26.8;0.0441
26.9;0.0572
27.0;0.0356
27.1;0.0245
27.2;0.0421
27.3;-0.0115
27.4;-0.0074
27.5;0.0353
27.6;0.001
27.7;-0.0377
27.8;-0.0043
27.9;-0.0049
28.0;-0.0056
28.1;-0.0131
28.2;-0.0465
28.3;-0.0611
28.4;-0.0184
28.5;-0.0091
28.6;0.0147
28.7;0.0573
28.8;0.0277
28.9;0.0224
29.0;-0.0002
29.1;-0.0045
29.2;0.0436
29.3;-0.0248
29.4;0.011
29.5;0.0211
29.6;-0.0003
29.7;-0.0252
29.8;-0.0137
29.9;-0.0083
30.0;-0.0007
30.1;-0.0145
30.2;-0.0299
30.3;0.03
30.4;0.0089
30.5;0.0165
30.6;-0.0041
30.7;0.0097
30.8;-0.0038
30.9;-0.0481
31.0;-0.0022
31.1;0.0077
31.2;0.0128
31.3;0.0302
31.4;-0.0028
31.5;-0.0098
31.6;0.0347
31.7;-0.0142
31.8;-0.0044
31.9;-0.0123
32.0;-0.0021
32.1;-0.0204
32.2;-0.0171
32.3;-0.0217
32.4;0.0215
32.5;-0.0002
32.6;0.0163
32.7;0.0097
32.8;0.0067
32.9;0.0225
33.0;-0.0083
33.1;0.0479
33.2;0.0156
33.3;-0.0186
33.4;-0.0074
33.5;0.0159
33.6;-0.0257
33.7;0.0095
33.8;0.0153
33.9;0.0174
34.0;-0.0142
34.1;0.019
34.2;-0.0078
34.3;-0.0203
34.4;-0.0062
34.5;-0.0126
34.6;-0.0247
34.7;-0.0165
34.8;0.0151
34.9;0.0192
35.0;0.0165
35.1;0.0302
35.2;0.0157
35.3;0.0397
35.4;-0.0277
35.5;0.0022
35.6;-0.0132
35.7;-0.0152
35.8;-0.0227
35.9;0.0087
36.0;-0.0223
36.1;-0.0072
36.2;0.0114
36.3;0.009
36.4;0.0086
36.5;-0.0079
36.6;-0.0123
36.7;0.0052
36.8;-0.0265
36.9;-0.0049
37.0;0.0084
37.1;0.0055
37.2;0.0212
37.3;0.0503
37.4;-0.0069
37.5;0.0259
37.6;-0.0238
37.7;0.0415
37.8;-0.0668
37.9;0.0271
38.0;0.0602
38.1;0.0128
38.2;0.0018
38.3;0.0517
38.4;0.0007
38.5;-0.0214
38.6;-0.0225
38.7;-0.034
38.8;-0.012
38.9;0.0174
39.0;-0.0278
39.1;-0.0139
39.2;-0.0059
39.3;-0.0558
39.4;0.0084
39.5;0.0123
39.6;-0.0461
39.7;0.0289
39.8;-0.0129
39.9;0.0581
40.0;-0.0314
40.1;0.0483
40.2;0.0119
40.3;-0.0017
40.4;0.0013
40.5;0.0463
40.6;-0.0234
40.7;0.0324
40.8;-0.0282
40.9;-0.0108
41.0;-0.0125
41.1;-0.0071
41.2;0.0059
41.3;-0.0363
41.4;-0.0049
41.5;-0.0349
41.6;-0.014
41.7;-0.0188
41.8;0.0436
41.9;0.0077
42.0;0.012
42.1;-0.0023
42.2;0.001
42.3;-0.0042
42.4;0.0086
42.5;0.0152
42.6;0.0214
42.7;-0.0347
42.8;-0.0086
42.9;-0.0093
43.0;-0.0056
43.1;0.017
43.2;-0.0085
43.3;0.0061
43.4;-0.032
43.5;0.015
43.6;0.0163
43.7;-0.0076
43.8;0.0073
43.9;-0.0072
44.0;0.0225
44.1;0.007
44.2;0.0096
44.3;-0.0214
44.4;-0.0125
44.5;-0.0025
44.6;0.0027
44.7;0.0066
44.8;0.0006
44.9;-0.0043
45.0;-0.0097
45.1;0.0074
45.2;-0.008
45.3;-0.0045
45.4;-0.0255
45.5;0.0194
45.6;0.0227
45.7;0.0098
45.8;-0.0086
45.9;-0.0011
46.0;-0.0016
46.1;-0.0044
46.2;0.0084
46.3;-0.0055
46.4;-0.0126
46.5;-0.0132
46.6;0.0085
46.7;-0.0085
46.8;0.0162
46.9;0.0065
47.0;0.0005
47.1;0.0084
47.2;-0.0029
47.3;-0.0027
47.4;0.0063
47.5;-0.0124
47.6;-0.0126
47.7;-0.013
47.8;0.0165
47.9;-0.0102
48.0;0.006
48.1;0.0013
48.2;0.0084
48.3;0.0002
48.4;0.0035
48.5;0.0013
48.6;0.0334
48.7;-0.0065
48.8;0.0051
48.9;-0.0019
49.0;-0.0089
49.1;0.0125
49.2;-0.0042
49.3;0.0013
49.4;-0.0018
49.5;-0.0062
49.6;0.0049
49.7;-0.0012
49.8;-0.0022
49.9;-0.0065
50.0;-0.008
50.1;-0.023
50.2;-0.0078
50.3;-0.0151
50.4;-0.001
50.5;0.0179
50.6;-0.0065
50.7;0.0145
50.8;0.029
50.9;0.0055
51.0;0.0211
51.1;0.0003
51.2;-0.0087
51.3;0.0041
51.4;-0.0232
51.5;0.0046
51.6;-0.0094
51.7;-0.0065
51.8;-0.005
51.9;-0.0015
52.0;-0.0199
52.1;0.0179
52.2;0.0034
52.3;-0.0002
52.4;0.0011
52.5;0.0097
52.6;0.0041
52.7;0.0016
52.8;0.0208
52.9;0.0102
53.0;-0.0171
53.1;0.0078
53.2;-0.0019
53.3;0.0189
53.4;-0.0034
53.5;-0.008
53.6;0.0014
53.7;-0.0059
53.8;-0.0052
53.9;0.0099
54.0;-0.0174
54.1;0.0022
54.2;-0.0023
54.3;0.0034
54.4;0.0005
54.5;0.0139
54.6;-0.0079
54.7;-0.0004
54.8;0.0009
54.9;-0.0046
55.0;-0.0009
55.1;0.0034
55.2;-0.0045
55.3;-0.0016
55.4;-0.0174
55.5;-0.0019
55.6;-0.0031
55.7;-0.0055
55.8;-0.0057
55.9;0.0045
56.0;0.0173
56.1;0.0142
56.2;0.003
56.3;0.0085
56.4;-0.0009
56.5;-0.0046
56.6;-0.0081
56.7;-0.0145
56.8;0.0097
56.9;-0.0168
57.0;-0.0113
57.1;-0.002
57.2;-0.0008
57.3;0.0037
57.4;-0.0137
57.5;-0.0012
57.6;-0.0081
57.7;-0.0087
57.8;-0.0079
57.9;0.0049
58.0;0.0016
58.1;0.0019
58.2;0.0065
58.3;0.0094
58.4;-0.0009
58.5;-0.0029
58.6;-0.0008
58.7;0.0034
58.8;-0.0069
58.9;0.0006
59.0;-0.003
59.1;-0.001
59.2;-0.0019
59.3;0.0044
59.4;-0.0017
59.5;0.001
59.6;-0.0016
59.7;-0.0021
59.8;-0.0011
59.9;-0.0017
60.0;0.0
