0.0;0.0
0.1;0.0057
0.2;0.0043
0.3;-0.0028
0.4;-0.0033
0.5;0.0049
0.6;-0.0018
0.7;-0.0079
0.8;-0.0018
0.9;0.0028
1.0;-0.0064
1.1;-0.0043
1.2;0.0069
1.3;-0.0155
1.4;0.0205
1.5;0.0112
1.6;0.0324
1.7;0.0253
1.8;0.0397
1.9;-0.0219
2.0;-0.0227
2.1;-0.0167
2.2;0.0852
2.3;0.0847
2.4;0.0037
2.5;-0.05
2.6;0.0126
2.7;0.0143
2.8;-0.0826
2.9;-0.0288
3.0;-0.0566
3.1;-0.108
3.2;0.0483
3.3;0.0549
3.4;0.0522
3.5;-0.0554
3.6;-0.0205
3.7;-0.0325
3.8;0.0387
3.9;0.1292
4.0;-0.2797
4.1;-0.163
4.2;-0.0843
4.3;0.0661
4.4;0.0877
4.5;-0.1347
4.6;0.1718
4.7;-0.2684
4.8;0.0219
4.9;0.0428
5.0;0.0995
5.1;-0.0652
5.2;0.2304
5.3;0.498
5.4;0.4943
5.5;0.6225
5.6;-0.2066
5.7;-1.0
5.8;-0.8754
5.9;0.2515
6.0;-0.5048
6.1;0.5705
6.2;0.4179
6.3;0.3972
6.4;0.5538
6.5;-0.0312
6.6;-0.9755
6.7;-0.0158
6.8;-0.2074
6.9;0.2522
7.0;0.0325
7.1;-0.0034
7.2;-0.1431
7.3;0.35
7.4;0.0832
7.5;-0.6506
7.6;0.1663
7.7;0.137
7.8;0.0279
7.9;-0.0479
8.0;0.0774
8.1;-0.0529
8.2;-0.7612
8.3;-0.1039
8.4;0.6125
8.5;0.1005
8.6;-0.1292
8.7;-0.0417
8.8;-0.1902
8.9;-0.1212
9.0;0.1823
9.1;0.0789
9.2;-0.1074
9.3;0.0198
9.4;-0.0862
9.5;0.0662
9.6;-0.0064
9.7;-0.1699
9.8;0.1166
9.9;0.2885
10.0;-0.0186
10.1;0.0937
10.2;0.0425
10.3;0.0439
10.4;-0.0395
10.5;-0.0569
10.6;0.0947
10.7;-0.0988
10.8;0.047
10.9;0.0462
11.0;0.1003
11.1;-0.0748
11.2;-0.0855
11.3;-0.0107
11.4;-0.0439
11.5;0.0748
11.6;0.0312
11.7;0.0008
11.8;-0.0062
11.9;-0.0285
12.0;0.0331
12.1;0.1255
12.2;-0.0368
12.3;0.0029
12.4;-0.1246
12.5;0.0446
12.6;-0.0801
12.7;0.1079
12.8;-0.0851
12.9;-0.0438
13.0;-0.02
13.1;0.0923
13.2;0.0438
13.3;-0.0486
13.4;-0.0882
13.5;-0.0164
13.6;0.0345
13.7;-0.0474
13.8;0.0463
13.9;0.0004
14.0;-0.0313
14.1;-0.0453
14.2;0.0541
14.3;-0.0356
14.4;-0.0202
14.5;-0.0054
14.6;-0.0619
14.7;0.0062
14.8;0.0197
14.9;0.0478
15.0;0.0485
15.1;-0.0351
15.2;-0.0044
15.3;-0.0297
15.4;-0.0328
15.5;-0.0072
15.6;0.0016
15.7;0.0481
15.8;0.0646
15.9;-0.041
16.0;-0.0404
16.1;-0.018
16.2;0.071
16.3;0.0759
16.4;-0.0111
16.5;0.0069
16.6;-0.0701
16.7;-0.0182
16.8;0.0107
16.9;-0.0062
17.0;0.0271
17.1;-0.0089
17.2;-0.0008
17.3;-0.011
17.4;-0.0347
17.5;0.0233
17.6;0.0416
17.7;-0.048
17.8;0.0005
17.9;0.0747
18.0;-0.0727
18.1;0.0832
18.2;-0.0351
18.3;0.0776
18.4;-0.0875
18.5;0.0388
18.6;0.0374
18.7;0.0063
18.8;0.0131
18.9;-0.0225
19.0;0.0696
19.1;-0.0535
19.2;0.0559
19.3;0.0336
19.4;0.0285
19.5;-0.0306
19.6;-0.1344
19.7;-0.0008
19.8;0.0878
19.9;0.0251
20.0;-0.0065
20.1;-0.0019
20.2;0.0179
20.3;0.0689
20.4;0.0055
20.5;-0.0755
20.6;0.0219
20.7;-0.0235
20.8;0.0006
20.9;0.0415
21.0;0.0339
21.1;0.0035
21.2;-0.0643
21.3;-0.0363
21.4;0.068
21.5;-0.0456
21.6;-0.0413
21.7;-0.0449
21.8;-0.0529
21.9;0.0476
22.0;0.0487
22.1;-0.0107
22.2;-0.0237
22.3;0.0356
22.4;0.044
22.5;0.001
22.6;-0.0252
22.7;-0.0565
22.8;0.0334
22.9;-0.0006
23.0;-0.0179
23.1;0.0645
23.2;-0.0098
23.3;-0.0765
23.4;0.0577
23.5;0.0035
23.6;-0.0794
23.7;0.0622
23.8;0.0121
23.9;-0.0249
24.0;-0.0395
24.1;0.0329
24.2;0.0438
24.3;0.0021
24.4;-0.0807
24.5;0.0647
24.6;-0.05
24.7;0.0572
24.8;-0.089
24.9;0.0063
25.0;-0.0693
25.1;0.0401
25.2;0.0315
25.3;0.0125
25.4;-0.057
25.5;0.0379
25.6;-0.0706
25.7;-0.0234
25.8;0.0325
25.9;-0.0003
26.0;0.0249
26.1;0.005
26.2;0.0619
26.3;-0.0646
26.4;-0.0076
26.5;-0.0065
26.6;-0.0047
26.7;0.0816
26.8;-0.0269
26.9;0.0035
27.0;-0.0175
27.1;-0.0275
27.2;-0.0129
27.3;0.0262
27.4;-0.0203
27.5;0.0027
27.6;-0.0073
27.7;-0.0302
27.8;-0.0033
27.9;-0.0054
28.0;0.005
28.1;-0.0481
28.2;0.0363
28.3;-0.0347
28.4;0.0392
28.5;0.0156
28.6;-0.0016
28.7;-0.0368
28.8;-0.0134
28.9;-0.0027
29.0;0.0105
29.1;0.003
29.2;-0.033
29.3;0.051
29.4;0.0223
29.5;-0.0432
29.6;-0.003
29.7;-0.0031
29.8;0.0202
29.9;-0.0169
30.0;0.0035
30.1;0.0127
30.2;-0.0097
30.3;-0.0059
30.4;0.0703
30.5;-0.0537
30.6;0.0117
30.7;0.0342
30.8;-0.0253
30.9;-0.0245
31.0;0.0125
31.1;-0.0355
31.2;0.0462
31.3;-0.021
31.4;-0.019
31.5;0.0208
31.6;0.0316
31.7;-0.0193
31.8;-0.0273
31.9;0.0039
32.0;-0.0191
32.1;-0.0142
32.2;0.0207
32.3;-0.0022
32.4;0.0315
32.5;0.0214
32.6;0.0258
32.7;0.0018
32.8;-0.0256
32.9;0.0306
33.0;-0.0199
33.1;0.0148
33.2;0.02
33.3;-0.0288
33.4;-0.0075
33.5;-0.0181
33.6;0.0408
33.7;0.012
33.8;-0.0175
33.9;0.0239
34.0;-0.0163
34.1;0.0003
34.2;-0.0006
34.3;-0.0144
34.4;-0.0209
34.5;0.0371
34.6;0.0231
34.7;0.0152
34.8;0.0059
34.9;0.0292
35.0;-0.0189
35.1;-0.0291
35.2;0.0296
35.3;0.0155
35.4;-0.0059
35.5;-0.0492
35.6;-0.0265
35.7;0.0354
35.8;-0.0402
35.9;-0.0021
36.0;0.0271
36.1;-0.0458
36.2;0.0083
36.3;-0.0298
36.4;0.0163
36.5;0.0078
36.6;0.0047
36.7;0.0166
36.8;-0.0412
36.9;0.0065
37.0;0.0167
37.1;-0.0018
37.2;-0.033
37.3;-0.0056
37.4;0.0155
37.5;-0.0298
37.6;0.0017
37.7;0.002
37.8;0.0202
37.9;0.0082
38.0;0.0004
38.1;-0.0156
38.2;0.0164
38.3;0.0006
38.4;-0.0005
38.5;0.0162
38.6;-0.0069
38.7;0.001
38.8;-0.0373
38.9;0.0146
39.0;-0.0136
39.1;0.0075
39.2;0.0001
39.3;0.0171
39.4;0.0062
39.5;-0.0118
39.6;0.0064
39.7;0.0237
39.8;-0.0243
39.9;0.0211
40.0;-0.0164
40.1;-0.0088
40.2;-0.0088
40.3;0.0013
40.4;0.0151
40.5;0.0093
40.6;0.0017
40.7;0.0026
40.8;0.0119
40.9;0.0099
41.0;-0.0115
41.1;-0.0365
41.2;0.0093
41.3;0.0026
41.4;-0.0041
41.5;0.003
41.6;-0.0091
41.7;-0.0236
41.8;-0.0136
41.9;0.0118
42.0;-0.0283
42.1;0.0108
42.2;0.0058
42.3;0.0098
42.4;-0.0058
42.5;0.0114
42.6;0.0005
42.7;0.0024
42.8;-0.0172
42.9;0.0036
43.0;0.0035
43.1;-0.0009
43.2;0.0031
43.3;-0.022
43.4;-0.0132
43.5;0.0078
43.6;-0.0169
43.7;-0.0002
43.8;-0.0086
43.9;-0.0002
44.0;-0.0048
44.1;0.0057
44.2;0.0238
44.3;0.0027
44.4;0.0038
44.5;0.0058
44.6;-0.0136
44.7;0.0012
44.8;-0.0022
44.9;0.0149
45.0;0.017
45.1;0.0191
45.2;-0.0134
45.3;-0.0199
45.4;0.0006
45.5;-0.0141
45.6;-0.0088
45.7;-0.0034
45.8;0.0115
45.9;0.008
46.0;0.0276
46.1;0.0064
46.2;-0.0004
46.3;-0.0075
46.4;-0.0146
46.5;0.0073
46.6;-0.0055
46.7;0.0098
46.8;0.015
46.9;0.0113
47.0;0.0038
47.1;-0.0049
47.2;-0.0129
47.3;-0.0071
47.4;-0.0147
47.5;0.0006
47.6;0.0138
47.7;-0.0054
47.8;0.0041
47.9;-0.0144
48.0;0.0089
48.1;0.0035
48.2;-0.0251
48.3;-0.0045
48.4;0.0212
48.5;0.0034
48.6;0.0045
48.7;-0.0058
48.8;-0.0191
48.9;0.0102
49.0;-0.005
49.1;-0.016
49.2;0.0172
49.3;0.0056
49.4;-0.0091
49.5;0.0126
49.6;0.0103
49.7;-0.022
49.8;0.0178
49.9;0.0028
50.0;-0.011
50.1;0.0194
50.2;-0.0172
50.3;-0.0212
50.4;0.0216
50.5;0.0091
50.6;0.0124
50.7;-0.0155
50.8;0.0037
50.9;0.0106
51.0;-0.0101
51.1;0.0208
51.2;-0.0119
51.3;-0.0144
51.4;-0.0009
51.5;-0.0023
51.6;-0.0131
51.7;0.0172
51.8;0.0026
51.9;-0.0171
52.0;0.0086
52.1;-0.0054
52.2;-0.0116
52.3;0.0097
52.4;0.0122
52.5;-0.0063
52.6;0.0149
52.7;-0.0073
52.8;-0.0024
52.9;0.0137
53.0;-0.0136
53.1;0.0143
53.2;0.0106
53.3;-0.0262
53.4;0.0117
53.5;0.0106
53.6;-0.0124
53.7;0.0217
53.8;0.0037
53.9;-0.0069
54.0;0.0025
54.1;-0.0064
54.2;0.0281
54.3;-0.0071
54.4;-0.0192
54.5;0.0073
54.6;0.0098
54.7;-0.016
54.8;-0.0031
54.9;0.0004
55.0;-0.0074
55.1;0.007
55.2;-0.0063
55.3;-0.0082
55.4;0.0074
55.5;-0.0052
55.6;0.0019
55.7;0.0155
55.8;-0.0068
55.9;0.0102
56.0;0.0065
56.1;-0.0072
56.2;-0.0073
56.3;0.0187
56.4;-0.008
56.5;0.0023
56.6;-0.0035
56.7;-0.0101
56.8;-0.0024
56.9;0.0039
57.0;0.0003
57.1;0.004
57.2;0.0015
57.3;-0.0031
57.4;0.0005
57.5;-0.0026
57.6;0.0038
57.7;-0.0031
57.8;-0.0014
57.9;0.0029
58.0;-0.0008
58.1;0.0043
58.2;-0.0031
58.3;0.0026
58.4;0.0022
58.5;-0.002
58.6;-0.0001
58.7;-0.0005
58.8;-0.0009
58.9;0.0018
59.0;-0.0008
59.1;-0.0001
59.2;0.0009
59.3;-0.0003
59.4;0.0005
59.5;0.0001
59.6;0.0001
59.7;-0.0001
59.8;-0.0001
59.9;0.0
