0.0;0.0
0.1;0.0038
0.2;0.0039
0.3;0.0039
0.4;0.0038
0.5;0.004
0.6;0.0039
0.7;0.0057
0.8;0.0039
0.9;-0.0059
1.0;-0.0083
1.1;-0.0305
1.2;-0.0215
1.3;0.0428
1.4;-0.0549
1.5;-0.2006
1.6;-0.1508
1.7;0.1605
1.8;0.3471
1.9;0.334
2.0;-0.1076
2.1;-0.7306
2.2;-1.0
2.3;0.6401
2.4;-0.1823
2.5;0.4477
2.6;-0.0183
2.7;0.5547
2.8;0.1023
2.9;0.2932
3.0;0.0273
3.1;0.0779
3.2;-0.3445
3.3;-0.1296
3.4;-0.0615
3.5;-0.183
3.6;0.2661
3.7;0.182
3.8;-0.1831
3.9;0.0415
4.0;-0.5664
4.1;-0.0416
4.2;-0.1745
4.3;-0.644
4.4;-0.4163
4.5;0.2553
4.6;0.5093
4.7;-0.5117
4.8;-0.1406
4.9;-0.615
5.0;0.1951
5.1;0.5168
5.2;0.3652
5.3;0.1862
5.4;0.4
5.5;-0.2909
5.6;-0.1615
5.7;-0.6659
5.8;-0.1155
5.9;0.1042
6.0;-0.0314
6.1;0.1315
6.2;0.0337
6.3;-0.1073
6.4;-0.0278
6.5;-0.0235
6.6;0.0997
6.7;-0.0092
6.8;0.0372
6.9;-0.2357
7.0;0.0625
7.1;0.2062
7.2;-0.1308
7.3;0.0577
7.4;-0.0906
7.5;-0.1355
7.6;0.024
7.7;-0.1901
7.8;-0.2445
7.9;0.1184
8.0;0.1526
8.1;0.2253
8.2;0.1128
8.3;0.091
8.4;-0.1476
8.5;-0.085
8.6;0.4655
8.7;0.3193
8.8;0.0111
8.9;-0.0831
9.0;-0.6038
9.1;0.1294
9.2;0.1657
9.3;-0.515
9.4;0.1396
9.5;0.1526
9.6;-0.2527
9.7;-0.2265
9.8;0.0801
9.9;-0.299
10.0;0.0235
10.1;-0.1852
10.2;0.0696
10.3;-0.0862
10.4;-0.1495
10.5;0.3124
10.6;-0.1964
10.7;0.0999
10.8;0.294
10.9;-0.0302
11.0;-0.0295
11.1;0.0044
11.2;-0.0755
11.3;0.2596
11.4;0.1216
11.5;0.4021
11.6;0.1287
11.7;-0.2433
11.8;-0.4732
11.9;-0.7419
12.0;0.2807
12.1;0.4532
12.2;0.3537
12.3;0.2334
12.4;-0.1422
12.5;-0.1659
12.6;-0.1506
12.7;0.0367
12.8;0.0404
12.9;-0.1509
13.0;-0.1099
13.1;-0.2204
13.2;-0.2037
13.3;0.1663
13.4;-0.0114
13.5;-0.0672
13.6;-0.0464
13.7;0.113
13.8;-0.0807
13.9;0.1273
14.0;0.1281
14.1;-0.0442
14.2;0.1443
14.3;-0.5194
14.4;0.1025
14.5;-0.0583
14.6;0.0247
14.7;0.2532
14.8;-0.0429
14.9;0.2415
15.0;-0.094
15.1;-0.1924
15.2;0.0976
15.3;-0.0478
15.4;0.1109
15.5;-0.0353
15.6;-0.1362
15.7;0.0546
15.8;0.0035
15.9;0.1778
16.0;0.0115
16.1;-0.0211
16.2;-0.1434
16.3;0.0822
16.4;-0.0877
16.5;-0.0533
16.6;0.0902
16.7;0.1382
16.8;0.0572
16.9;-0.0079
17.0;-0.3057
17.1;0.0677
17.2;-0.0367
17.3;0.2466
17.4;0.0431
17.5;0.1192
17.6;0.1354
17.7;-0.1357
17.8;-0.1815
17.9;-0.0178
18.0;-0.0492
18.1;-0.0625
18.2;-0.0431
18.3;0.0798
18.4;-0.0204
18.5;-0.1031
18.6;-0.1642
18.7;0.0126
18.8;0.2546
18.9;-0.0513
19.0;0.1676
19.1;-0.0718
19.2;0.0178
19.3;0.1081
19.4;-0.1672
19.5;0.1
19.6;-0.2075
19.7;0.0988
19.8;0.1761
19.9;0.0834
20.0;0.0542
20.1;-0.3026
20.2;-0.116
20.3;0.1728
20.4;-0.1755
20.5;0.0216
20.6;-0.1043
20.7;-0.087
20.8;0.3332
20.9;-0.1416
21.0;-0.1119
21.1;0.0302
21.2;-0.2135
21.3;0.1013
21.4;0.1533
21.5;0.0409
21.6;0.0258
21.7;0.1134
21.8;0.2332
21.9;-0.1949
22.0;-0.1468
22.1;0.1682
22.2;-0.1465
22.3;-0.0251
22.4;-0.0585
22.5;0.0036
22.6;0.1439
22.7;-0.0678
22.8;-0.1392
22.9;-0.0142
23.0;0.0959
23.1;0.1395
23.2;-0.0847
23.3;-0.0421
23.4;0.155
23.5;-0.031
23.6;0.0177
23.7;-0.1164
23.8;0.0008
23.9;-0.0946
24.0;0.041
24.1;0.0828
24.2;0.1565
24.3;-0.3719
24.4;0.442
24.5;-0.1411
24.6;-0.1073
24.7;-0.2021
24.8;0.0385
24.9;0.1986
25.0;0.2596
25.1;-0.1467
25.2;-0.2353
25.3;0.044
25.4;0.2715
25.5;-0.2797
25.6;-0.2195
25.7;-0.3524
25.8;0.4978
25.9;-0.2955
26.0;0.151
26.1;-0.4408
26.2;-0.177
26.3;0.5087
26.4;0.2357
26.5;0.0532
26.6;-0.0213
26.7;-0.0296
26.8;-0.2267
26.9;0.02
27.0;0.0203
27.1;-0.0663
27.2;0.0462
27.3;0.0859
27.4;0.0835
27.5;0.1313
27.6;0.0085
27.7;0.1084
27.8;0.0885
27.9;-0.1577
28.0;0.0438
28.1;-0.0226
28.2;-0.1438
28.3;0.0917
28.4;-0.1182
28.5;-0.0058
28.6;0.0451
28.7;0.0784
28.8;-0.0079
28.9;-0.1668
29.0;-0.0132
29.1;0.0294
29.2;0.1239
29.3;-0.0518
29.4;-0.054
29.5;-0.0326
29.6;-0.0402
29.7;0.0358
29.8;0.0685
29.9;-0.0729
30.0;-0.0449
30.1;-0.0181
30.2;0.116
30.3;0.1152
30.4;-0.0647
30.5;-0.1048
30.6;0.1037
30.7;0.0589
30.8;-0.002
30.9;-0.0317
31.0;-0.0946
31.1;-0.0978
31.2;0.0774
31.3;0.0227
31.4;0.0707
31.5;0.0018
31.6;-0.1226
31.7;0.0265
31.8;0.0654
31.9;0.0096
32.0;-0.0347
32.1;-0.1051
32.2;0.0253
32.3;0.0196
32.4;-0.0556
32.5;0.0419
32.6;0.0076
32.7;0.0085
32.8;-0.0427
32.9;0.0012
33.0;0.0078
33.1;-0.0146
33.2;0.0102
33.3;0.0136
33.4;-0.0249
33.5;0.0266
33.6;0.0648
33.7;-0.0008
33.8;-0.0406
33.9;0.0091
34.0;0.0405
34.1;0.0461
34.2;0.0321
34.3;-0.0279
34.4;-0.067
34.5;0.0312
34.6;0.0912
34.7;0.014
34.8;-0.0821
34.9;-0.0808
35.0;0.074
35.1;0.0637
35.2;-0.0426
35.3;-0.0569
35.4;0.0018
35.5;0.0551
35.6;0.0112
35.7;-0.0013
35.8;-0.0316
35.9;0.0072
36.0;0.0298
36.1;-0.0192
36.2;-0.0244
36.3;-0.0311
36.4;-0.0455
36.5;-0.031
36.6;-0.0339
36.7;0.0247
36.8;0.0908
36.9;0.1108
37.0;0.0724
37.1;0.0381
37.2;-0.0007
37.3;-0.0134
37.4;-0.021
37.5;-0.0655
37.6;-0.0413
37.7;-0.0063
37.8;-0.0412
37.9;-0.0422
38.0;-0.0278
38.1;0.0116
38.2;-0.0362
38.3;0.0161
38.4;0.003
38.5;-0.0141
38.6;-0.0512
38.7;-0.0376
38.8;0.0468
38.9;0.0692
39.0;0.0496
39.1;0.0143
39.2;0.0097
39.3;-0.0193
39.4;0.0087
39.5;-0.012
39.6;-0.0312
39.7;-0.0472
39.8;0.0231
39.9;0.0199
40.0;-0.0214
40.1;-0.0017
40.2;-0.0118
40.3;-0.0142
40.4;0.0109
40.5;0.0377
40.6;0.0194
40.7;0.0011
40.8;0.0043
40.9;0.0492
41.0;0.0743
41.1;0.052
41.2;-0.031
41.3;-0.0251
41.4;0.0188
41.5;-0.0215
41.6;-0.0285
41.7;-0.0252
41.8;-0.0293
41.9;-0.0523
42.0;-0.0284
42.1;-0.0006
42.2;-0.0198
42.3;-0.036
42.4;-0.0007
42.5;0.0192
42.6;0.0492
42.7;0.0107
42.8;0.0006
42.9;-0.0157
43.0;0.021
43.1;0.0326
43.2;-0.0141
43.3;-0.0167
43.4;0.0111
43.5;0.0071
43.6;0.0036
43.7;-0.0003
43.8;0.013
43.9;0.0108
44.0;0.0347
44.1;0.0135
44.2;-0.0062
44.3;-0.019
44.4;-0.0236
44.5;-0.0361
44.6;-0.0322
44.7;-0.0188
44.8;-0.0137
44.9;-0.0045
45.0;0.008
45.1;0.0184
45.2;0.0476
45.3;0.0314
45.4;0.0208
45.5;0.0147
45.6;-0.012
45.7;-0.0253
45.8;-0.0214
45.9;-0.0116
46.0;0.0044
46.1;0.0414
46.2;0.0304
46.3;0.0223
46.4;-0.0294
46.5;-0.0071
46.6;0.0154
46.7;0.0196
46.8;-0.0092
46.9;-0.0217
47.0;-0.0431
47.1;-0.0423
47.2;-0.0286
47.3;-0.0137
47.4;-0.0052
47.5;-0.0087
47.6;0.017
47.7;0.001
47.8;-0.0251
47.9;-0.031
48.0;0.0067
48.1;0.0327
48.2;0.0365
48.3;0.0311
48.4;0.0351
48.5;0.0237
48.6;0.0224
48.7;0.0071
48.8;-0.0073
48.9;-0.0032
49.0;-0.0035
49.1;-0.0093
49.2;0.0066
49.3;0.0058
49.4;0.0059
49.5;0.0128
49.6;0.0035
49.7;-0.0238
49.8;-0.0278
49.9;-0.0108
50.0;-0.0102
50.1;0.0106
50.2;-0.0003
50.3;0.004
50.4;-0.0011
50.5;-0.0046
50.6;-0.0175
50.7;0.0015
50.8;-0.0158
50.9;-0.0044
51.0;-0.0089
51.1;0.0368
51.2;-0.0095
51.3;-0.0048
51.4;-0.0022
51.5;0.0059
51.6;0.0083
51.7;0.0063
51.8;0.0011
51.9;0.0032
52.0;0.0033
52.1;0.0046
52.2;0.0014
52.3;0.0004
52.4;0.0002
52.5;0.0001
52.6;0.0006
52.7;0.0003
52.8;-0.0002
52.9;-0.0003
53.0;0.0
