0.0;0.0
0.1;0.0
0.2;-0.0001
0.3;0.0
0.4;-0.0
0.5;-0.0
0.6;-0.0001
0.7;0.0001
0.8;0.0001
0.9;0.0001
1.0;-0.0001
1.1;-0.0001
1.2;0.0001
1.3;0.0002
1.4;0.0002
1.5;0.0002
1.6;0.0002
1.7;0.0004
1.8;0.0001
1.9;-0.0
2.0;-0.0001
2.1;-0.0
2.2;0.0002
2.3;0.0003
2.4;0.0001
2.5;0.0001
2.6;0.0
2.7;0.0001
2.8;-0.0001
2.9;0.0001
3.0;-0.0002
3.1;0.0
3.2;0.0
3.3;0.0002
3.4;-0.0004
3.5;0.0001
3.6;-0.0002
3.7;0.0001
3.8;0.0001
3.9;-0.0021
4.0;0.0002
4.1;0.0044
4.2;-0.0026
4.3;-0.0018
4.4;0.0072
4.5;-0.0022
4.6;-0.0024
4.7;0.0002
4.8;-0.0042
4.9;-0.0036
5.0;0.0004
5.1;-0.0024
5.2;0.0068
5.3;0.0024
5.4;-0.0031
5.5;-0.0002
5.6;-0.0003
5.7;0.0025
5.8;-0.0073
5.9;-0.001
6.0;0.0045
6.1;0.002
6.2;-0.0022
6.3;0.0123
6.4;-0.0102
6.5;0.0018
6.6;0.0014
6.7;0.0019
6.8;-0.0095
6.9;0.0053
7.0;0.0003
7.1;-0.0002
7.2;-0.0129
7.3;0.0065
7.4;0.0076
7.5;0.0012
7.6;0.0015
7.7;-0.0005
7.8;-0.0028
7.9;0.0084
8.0;-0.0112
8.1;-0.0065
8.2;0.0092
8.3;0.0056
8.4;0.002
8.5;-0.0082
8.6;0.0022
8.7;-0.0076
8.8;0.0027
8.9;-0.0069
9.0;0.0041
9.1;0.0035
9.2;0.0038
9.3;0.0015
9.4;0.0002
9.5;0.0039
9.6;-0.0134
9.7;0.0008
9.8;-0.0023
9.9;0.0181
10.0;0.0009
10.1;-0.0101
10.2;0.0148
10.3;-0.0017
10.4;-0.0039
10.5;0.0169
10.6;-0.0091
10.7;-0.0032
10.8;0.0056
10.9;0.0153
11.0;0.0007
11.1;-0.0285
11.2;0.0046
11.3;0.0019
11.4;-0.0118
11.5;0.0078
11.6;0.0057
11.7;-0.0086
11.8;0.0128
11.9;0.0114
12.0;-0.0443
12.1;0.0314
12.2;0.0099
12.3;0.0014
12.4;-0.0124
12.5;0.0571
12.6;-0.027
12.7;-0.056
12.8;-0.0257
12.9;0.0311
13.0;-0.1058
13.1;0.0143
13.2;0.0468
13.3;-0.0752
13.4;0.0314
13.5;0.0291
13.6;0.0231
13.7;-0.0513
13.8;0.0209
13.9;0.0885
14.0;-0.0633
14.1;-0.032
14.2;0.0608
14.3;-0.0132
14.4;-0.1128
14.5;0.0052
14.6;-0.0316
14.7;0.0682
14.8;0.0475
14.9;-0.0944
15.0;-0.0006
15.1;-0.0215
15.2;0.1026
15.3;-0.0169
15.4;-0.0071
15.5;-0.0194
15.6;-0.0179
15.7;0.0067
15.8;0.1083
15.9;0.0238
16.0;-0.0677
16.1;0.0205
16.2;0.0144
16.3;0.0411
16.4;-0.1036
16.5;-0.0924
16.6;0.0227
16.7;-0.0001
16.8;0.1137
16.9;0.0653
17.0;-0.0317
17.1;-0.0768
17.2;-0.0574
17.3;0.1024
17.4;-0.1597
17.5;0.1211
17.6;0.0467
17.7;-0.1016
17.8;0.0849
17.9;-0.073
18.0;-0.0368
18.1;-0.0528
18.2;0.1043
18.3;-0.0035
18.4;0.0634
18.5;-0.2209
18.6;0.0334
18.7;0.0201
18.8;-0.0814
18.9;0.0984
19.0;0.3231
19.1;-0.064
19.2;-0.4664
19.3;0.0664
19.4;0.6206
19.5;0.1828
19.6;-0.4239
19.7;-0.2824
19.8;0.1517
19.9;0.3126
20.0;-0.2861
20.1;-0.1064
20.2;0.4795
20.3;-0.0389
20.4;-0.1875
20.5;-0.0151
20.6;0.2121
20.7;0.0458
20.8;-0.0751
20.9;-0.0617
21.0;0.0326
21.1;-0.0819
21.2;-0.1432
21.3;0.4001
21.4;-0.0032
21.5;0.0877
21.6;-0.1879
21.7;-0.4237
21.8;0.0462
21.9;0.515
22.0;-0.0103
22.1;-0.4366
22.2;0.018
22.3;0.5611
22.4;-0.2683
22.5;-0.3534
22.6;0.2289
22.7;0.2304
22.8;0.0239
22.9;-0.4074
23.0;-0.3893
23.1;0.1033
23.2;0.3805
23.3;0.0693
23.4;0.0214
23.5;-0.0023
23.6;-0.0644
23.7;-0.6051
23.8;0.011
23.9;1.0
24.0;0.3254
24.1;-0.9939
24.2;-0.4691
24.3;0.2272
24.4;0.5389
24.5;0.253
24.6;-0.3194
24.7;-0.1266
24.8;0.2921
24.9;0.146
25.0;-0.0072
25.1;-0.1537
25.2;-0.0637
25.3;0.1224
25.4;0.1237
25.5;0.1063
25.6;-0.2864
25.7;-0.1024
25.8;0.0682
25.9;0.1547
26.0;0.1162
26.1;-0.1361
26.2;-0.1588
26.3;-0.0457
26.4;-0.0247
26.5;0.0058
26.6;0.0172
26.7;0.0877
26.8;0.1023
26.9;0.003
27.0;-0.0945
27.1;0.0871
27.2;0.0776
27.3;0.0452
27.4;-0.0479
27.5;-0.0636
27.6;-0.0382
27.7;0.0842
27.8;0.0929
27.9;0.0567
28.0;-0.0358
28.1;0.0106
28.2;-0.0275
28.3;-0.0663
28.4;-0.0819
28.5;0.1206
28.6;0.0154
28.7;-0.1109
28.8;-0.0804
28.9;0.0073
29.0;-0.0351
29.1;0.0446
29.2;0.0796
29.3;-0.0811
29.4;-0.0655
29.5;-0.066
29.6;0.0051
29.7;0.1286
29.8;-0.0161
29.9;0.0239
30.0;-0.042
30.1;0.0585
30.2;0.0236
30.3;0.013
30.4;0.0061
30.5;0.0106
30.6;0.0774
30.7;0.0167
30.8;-0.0606
30.9;-0.0045
31.0;0.0126
31.1;0.0695
31.2;0.0139
31.3;-0.0013
31.4;-0.0367
31.5;-0.117
31.6;0.0046
31.7;-0.0817
31.8;0.0864
31.9;0.0283
32.0;0.0553
32.1;0.0327
32.2;-0.1241
32.3;-0.074
32.4;0.1297
32.5;-0.0152
32.6;-0.1297
32.7;-0.0156
32.8;0.0595
32.9;-0.0909
33.0;-0.0076
33.1;0.1044
33.2;0.062
33.3;-0.0971
33.4;-0.0602
33.5;0.12
33.6;0.0121
33.7;-0.0583
33.8;0.1792
33.9;-0.0412
34.0;-0.0302
34.1;0.0213
34.2;-0.0935
34.3;0.0281
34.4;0.0798
34.5;0.0551
34.6;-0.1473
34.7;0.0546
34.8;0.1228
34.9;-0.1415
35.0;-0.0633
35.1;0.1415
35.2;0.1092
35.3;-0.0928
35.4;-0.126
35.5;0.0216
35.6;0.0294
35.7;-0.1343
35.8;-0.0076
35.9;0.0701
36.0;0.0324
36.1;-0.1084
36.2;-0.0154
36.3;0.0735
36.4;0.0068
36.5;0.0642
36.6;0.0134
36.7;0.0033
36.8;-0.056
36.9;0.0944
37.0;-0.0048
37.1;-0.1054
37.2;-0.1389
37.3;0.112
37.4;0.1308
37.5;0.0059
37.6;-0.1606
37.7;-0.0154
37.8;0.1059
37.9;-0.0209
38.0;0.0034
38.1;0.0695
38.2;-0.1043
38.3;-0.0439
38.4;0.0557
38.5;0.0787
38.6;-0.0647
38.7;-0.0907
38.8;0.0182
38.9;0.0937
39.0;0.0705
39.1;-0.0862
39.2;-0.1652
39.3;0.0567
39.4;0.2171
39.5;-0.0924
39.6;-0.1137
39.7;0.0672
39.8;-0.1046
39.9;-0.0495
40.0;0.0874
40.1;0.2456
40.2;-0.1444
40.3;-0.0928
40.4;-0.0186
40.5;0.1194
40.6;0.005
40.7;0.0013
40.8;-0.063
40.9;-0.0204
41.0;0.0238
41.1;0.0652
41.2;-0.0999
41.3;0.0245
41.4;0.048
41.5;0.0473
41.6;-0.0541
41.7;0.0426
41.8;0.0907
41.9;-0.0468
42.0;-0.0811
42.1;-0.022
42.2;0.0162
42.3;-0.0301
42.4;-0.0499
42.5;0.0997
42.6;0.0485
42.7;-0.0623
42.8;-0.1368
42.9;0.0946
43.0;0.0457
43.1;-0.1153
43.2;0.0888
43.3;0.0765
43.4;-0.1208
43.5;0.0239
43.6;-0.0105
43.7;-0.0363
43.8;0.0019
43.9;-0.0861
44.0;-0.0084
44.1;0.0612
44.2;0.0352
44.3;0.0194
44.4;-0.0868
44.5;-0.0165
44.6;0.0755
44.7;-0.024
44.8;-0.0069
44.9;0.053
45.0;-0.0156
45.1;0.0532
45.2;0.0477
45.3;-0.0533
45.4;-0.0638
45.5;0.1175
45.6;0.0484
45.7;-0.1368
45.8;-0.0405
45.9;-0.0022
46.0;-0.0639
46.1;0.067
46.2;0.0057
46.3;-0.0425
46.4;-0.066
46.5;0.0306
46.6;0.0118
46.7;0.0458
46.8;0.0141
46.9;-0.0412
47.0;-0.0218
47.1;0.0289
47.2;-0.0065
47.3;0.0157
47.4;-0.0136
47.5;0.055
47.6;0.031
47.7;0.003
47.8;-0.0018
47.9;-0.0205
48.0;0.0222
48.1;0.0157
48.2;-0.016
48.3;-0.0338
48.4;0.0507
48.5;0.0215
48.6;-0.0448
48.7;-0.0202
48.8;0.0035
48.9;0.0043
49.0;-0.019
49.1;0.027
49.2;0.031
49.3;-0.0511
49.4;0.0025
49.5;0.0259
49.6;0.0196
49.7;-0.0234
49.8;0.047
49.9;-0.046
50.0;-0.0202
50.1;-0.0491
50.2;0.0351
50.3;-0.0037
50.4;-0.0372
50.5;0.0069
50.6;0.0216
50.7;-0.0104
50.8;-0.0204
50.9;0.0041
51.0;0.063
51.1;-0.0238
51.2;-0.0384
51.3;-0.0059
51.4;0.0199
51.5;0.009
51.6;0.0359
51.7;0.0529
51.8;0.0034
51.9;-0.0536
52.0;0.0673
52.1;-0.0029
52.2;-0.0631
52.3;-0.0553
52.4;-0.0805
52.5;-0.007
52.6;0.0147
52.7;0.0075
52.8;-0.0516
52.9;0.031
53.0;0.0407
53.1;0.0047
53.2;-0.0293
53.3;-0.0488
53.4;-0.0112
53.5;0.0409
53.6;0.0119
53.7;-0.0599
53.8;-0.1162
53.9;0.0606
54.0;0.039
54.1;0.0036
54.2;0.0369
54.3;-0.044
54.4;0.0064
54.5;0.0051
54.6;0.0085
54.7;-0.0006
54.8;-0.001
54.9;0.0192
55.0;0.0065
55.1;0.0088
55.2;-0.0145
55.3;0.025
55.4;0.0485
55.5;-0.0277
55.6;-0.0003
55.7;0.0003
55.8;0.0092
55.9;0.0166
56.0;0.0122
56.1;-0.0203
56.2;-0.0527
56.3;-0.0167
56.4;0.0617
56.5;-0.0597
56.6;0.0404
56.7;0.0359
56.8;-0.0166
56.9;-0.0208
57.0;0.0345
57.1;0.0037
57.2;-0.0091
57.3;0.0187
57.4;-0.009
57.5;-0.0375
57.6;0.046
57.7;-0.0077
57.8;0.0275
57.9;-0.0233
58.0;0.0383
58.1;-0.0077
58.2;0.0239
58.3;-0.0418
58.4;-0.0427
58.5;0.0274
58.6;0.015
58.7;0.0083
58.8;-0.0532
58.9;0.0118
59.0;0.0068
59.1;-0.0106
59.2;-0.0058
59.3;-0.0079
59.4;0.0115
59.5;-0.0335
59.6;0.0319
59.7;0.0129
59.8;0.0081
59.9;0.0082
60.0;0.0176
60.1;0.0083
60.2;-0.0212
60.3;-0.0158
60.4;-0.025
60.5;0.0166
60.6;0.0257
60.7;-0.0211
60.8;-0.0319
60.9;-0.0125
61.0;-0.0101
61.1;-0.0091
61.2;0.0056
61.3;0.0239
61.4;0.019
61.5;-0.0048
61.6;-0.0158
61.7;0.0021
61.8;0.002
61.9;0.0098
62.0;0.0058
62.1;0.0117
62.2;0.025
62.3;-0.0143
62.4;0.0055
62.5;-0.0144
62.6;-0.047
62.7;-0.0124
62.8;-0.003
62.9;0.0207
63.0;-0.0071
63.1;0.0045
63.2;-0.0001
63.3;0.0188
63.4;0.0035
63.5;0.0019
63.6;0.027
63.7;0.0142
63.8;-0.0071
63.9;-0.0026
64.0;-0.0005
64.1;-0.0106
64.2;0.0017
64.3;0.006
64.4;-0.0004
64.5;-0.0127
64.6;-0.0015
64.7;0.0157
64.8;0.0031
64.9;-0.0141
65.0;0.0024
65.1;0.0089
65.2;0.0159
65.3;0.0083
65.4;0.0062
65.5;0.0178
65.6;-0.0041
65.7;0.0014
65.8;-0.0047
65.9;-0.0196
66.0;-0.0175
66.1;0.0075
66.2;-0.0109
66.3;0.0121
66.4;0.01
66.5;-0.008
66.6;-0.0156
66.7;-0.0153
66.8;0.0036
66.9;0.0083
67.0;-0.03
67.1;0.0071
67.2;-0.0107
67.3;0.0173
67.4;0.0012
67.5;0.0108
67.6;0.0019
67.7;0.0071
67.8;-0.0086
67.9;0.0029
68.0;0.0022
68.1;-0.0093
68.2;-0.0079
68.3;0.0055
68.4;-0.0167
68.5;-0.0
68.6;-0.0014
68.7;0.001
68.8;-0.0001
68.9;-0.0002
69.0;0.0044
69.1;-0.0025
69.2;-0.0027
69.3;0.0118
69.4;-0.0053
69.5;-0.0031
69.6;-0.0004
69.7;-0.0032
69.8;-0.0047
69.9;0.0114
70.0;0.0
