0.0;0.0
0.1;0.0009
0.2;0.0007
0.3;0.0001
0.4;0.0014
0.5;-0.0004
0.6;-0.001
0.7;-0.0014
0.8;-0.0015
0.9;-0.0059
1.0;-0.0053
1.1;-0.0019
1.2;-0.0054
1.3;0.003
1.4;0.0038
1.5;-0.0065
1.6;0.0102
1.7;0.0205
1.8;-0.0087
1.9;0.0032
2.0;0.0083
2.1;0.014
2.2;0.0045
2.3;0.0045
2.4;-0.0109
2.5;0.0107
2.6;-0.0123
2.7;-0.0096
2.8;-0.0106
2.9;-0.0027
3.0;0.0294
3.1;-0.0018
3.2;-0.0082
3.3;-0.0156
3.4;-0.0011
3.5;0.0128
3.6;0.0031
3.7;-0.0042
3.8;-0.0341
3.9;0.0233
4.0;-0.027
4.1;-0.0141
4.2;0.0244
4.3;0.0171
4.4;0.0924
4.5;0.0507
4.6;-0.0613
4.7;0.0718
4.8;-0.0128
4.9;-0.259
5.0;-0.1937
5.1;0.4297
5.2;0.1492
5.3;-0.3206
5.4;-0.1514
5.5;0.2209
5.6;0.1594
5.7;-0.1198
5.8;-0.0251
5.9;0.0192
6.0;0.0956
6.1;-0.1219
6.2;0.1172
6.3;0.2285
6.4;0.0835
6.5;-0.2179
6.6;-0.037
6.7;-0.1253
6.8;-0.0385
6.9;0.0557
7.0;0.0773
7.1;-0.1282
7.2;-0.0359
7.3;0.1197
7.4;-0.0206
7.5;0.1418
7.6;0.0336
7.7;0.0327
7.8;0.3832
7.9;-0.0779
8.0;-0.0926
8.1;-0.2918
8.2;-0.0392
8.3;0.1268
8.4;0.0815
8.5;-0.0725
8.6;-0.0363
8.7;0.0193
8.8;-0.2049
8.9;0.0656
9.0;0.1426
9.1;-0.1427
9.2;0.2408
9.3;-0.0348
9.4;-0.1579
9.5;0.3462
9.6;0.0551
9.7;0.1804
9.8;-0.4052
9.9;-0.2004
10.0;0.4858
10.1;-1.0
10.2;-0.0827
10.3;-0.4949
10.4;0.5377
10.5;0.9674
10.6;0.3989
10.7;-0.9982
10.8;-0.0473
10.9;0.6642
11.0;-0.2026
11.1;-0.4491
11.2;0.2286
11.3;0.3265
11.4;-0.1943
11.5;0.0214
11.6;0.1561
11.7;-0.0419
11.8;0.0029
11.9;-0.1295
12.0;0.0985
12.1;-0.252
12.2;-0.2658
12.3;0.052
12.4;-0.0543
12.5;0.1079
12.6;0.0747
12.7;0.1224
12.8;-0.112
12.9;-0.1372
13.0;0.212
13.1;-0.006
13.2;-0.0676
13.3;0.1245
13.4;0.0568
13.5;-0.0844
13.6;-0.0202
13.7;-0.0889
13.8;-0.035
13.9;0.1205
14.0;0.2416
14.1;0.1057
14.2;-0.0245
14.3;-0.1265
14.4;-0.0616
14.5;-0.1018
14.6;0.0252
14.7;0.0254
14.8;0.0262
14.9;-0.0489
15.0;-0.0745
15.1;-0.0465
15.2;0.0834
15.3;0.0124
15.4;-0.0189
15.5;0.0497
15.6;0.0575
15.7;0.0924
15.8;0.017
15.9;0.1436
16.0;-0.132
16.1;-0.0904
16.2;-0.1069
16.3;-0.0091
16.4;-0.0233
16.5;0.0554
16.6;0.0537
16.7;0.0351
16.8;-0.0585
16.9;0.0817
17.0;0.0495
17.1;0.126
17.2;-0.003
17.3;-0.0181
17.4;-0.0796
17.5;-0.1116
17.6;-0.0908
17.7;-0.0584
17.8;0.0295
17.9;0.0196
18.0;0.0085
18.1;-0.0611
18.2;-0.0326
18.3;0.0288
18.4;0.1032
18.5;0.0671
18.6;-0.0249
18.7;-0.0079
18.8;-0.0013
18.9;0.0252
19.0;0.0731
19.1;0.0092
19.2;0.0358
19.3;0.0219
19.4;-0.0673
19.5;-0.1038
19.6;-0.0563
19.7;-0.0218
19.8;0.0044
19.9;0.0216
20.0;-0.0511
20.1;0.0073
20.2;0.0212
20.3;-0.0119
20.4;0.0017
20.5;0.0481
20.6;0.0324
20.7;-0.0296
20.8;0.022
20.9;-0.0427
21.0;-0.0536
21.1;0.0039
21.2;-0.0057
21.3;0.0044
21.4;-0.0095
21.5;-0.0074
21.6;-0.0363
21.7;-0.0592
21.8;-0.0147
21.9;0.0406
22.0;0.0625
22.1;0.0896
22.2;0.069
22.3;0.0625
22.4;-0.0158
22.5;0.0338
22.6;-0.0184
22.7;-0.0025
22.8;0.0038
22.9;-0.0584
23.0;-0.0962
23.1;-0.0188
23.2;0.0124
23.3;0.0107
23.4;-0.0182
23.5;-0.0141
23.6;0.03
23.7;0.0358
23.8;0.0209
23.9;0.0343
24.0;0.0568
24.1;0.0243
24.2;-0.0284
24.3;-0.0477
24.4;-0.0155
24.5;-0.014
24.6;0.0063
24.7;0.016
24.8;-0.0195
24.9;0.0027
25.0;0.0177
25.1;0.0348
25.2;-0.0004
25.3;-0.0393
25.4;-0.0017
25.5;0.0225
25.6;-0.0003
25.7;-0.004
25.8;-0.0164
25.9;-0.0346
26.0;0.0149
26.1;-0.0403
26.2;-0.0351
26.3;-0.0235
26.4;0.0011
26.5;0.0312
26.6;0.0394
26.7;0.0441
26.8;0.0174
26.9;0.0051
27.0;0.0414
27.1;0.0083
27.2;0.0345
27.3;0.01
27.4;-0.0018
27.5;-0.01
27.6;-0.0004
27.7;-0.0322
27.8;-0.0544
27.9;-0.0371
28.0;-0.0091
28.1;-0.0171
28.2;-0.0009
28.3;0.0178
28.4;0.0324
28.5;0.0179
28.6;0.0019
28.7;0.0175
28.8;-0.0101
28.9;-0.0169
29.0;-0.0104
29.1;-0.039
29.2;-0.0362
29.3;-0.0249
29.4;-0.0277
29.5;-0.0063
29.6;0.0054
29.7;0.0321
29.8;0.0241
29.9;0.03
30.0;0.0
